   0-0  0.000 -0.947 -0.498 -0.411 -0.442  2.633 -0.932 -0.564 -0.388 -0.493  1.893  1.029 -1.026 -0.626 -0.475 -0.544  2.318  3.644  1.054  1.183 -1.086 -0.653 -0.544 -0.569  2.461  3.550  3.996  1.498  1.381 -0.845 -0.438 -0.298 -0.391  2.910  5.338  4.285  4.080  4.257  4.107  4.243 -0.948 -0.550 -0.309 -0.413 -0.879 -0.476 -0.320 -0.391  2.565  4.495  1.670  3.089  3.105  1.914 -0.806 -0.422 -0.283 -0.392  3.496  4.009  3.500  3.679 -1.101 -0.688 -0.563 -0.590  2.294  3.242  3.888  3.250  1.170 -0.897 -0.448 -0.344 -0.428  3.179  5.074  3.962  4.096 -0.853 -0.410 -0.319 -0.398  2.979  3.863  4.756  3.131 -1.012 -0.606 -0.446 -0.510  2.228  3.799  1.299  1.375 -0.741 -0.588 -0.571 -0.501  3.267  4.278 -0.154 -1.052 -0.616 -0.495 -0.543  2.543  3.356  4.471  1.589  1.550 -0.990 -0.569 -0.442 -0.484  2.580  3.464  3.552  1.981  3.724  1.293  1.226 -0.941 -0.574 -0.412 -0.485  2.188  0.979 -0.902 -0.548 -0.363 -0.468  2.718  1.050  3.043 -0.801 -0.437 -0.264 -0.389  3.252  3.403  3.490 -0.866 -0.452 -0.333 -0.436  3.024  4.957  3.665  5.371  1.868  5.137  4.128  4.603  4.125  4.354 -0.887 -0.490 -0.332 -0.420  2.679  4.555  3.913  4.106  4.059  4.153  4.677  1.305 
   0-1 -0.947 -1.830 -1.457 -1.473 -1.843  1.324 -1.284 -1.321 -1.345 -1.703  0.863  2.253 -1.661 -1.548 -1.565 -1.866  1.227  3.393  0.229  1.020 -1.936 -1.608 -1.616 -1.909  0.692  2.668  4.025  1.935  1.518 -1.477 -1.229 -1.274 -1.667  1.561  3.278  3.974  3.279  3.975  3.976  3.976 -1.531 -1.319 -1.316 -1.633 -1.559 -1.309 -1.322 -1.548  1.349  3.285  1.480  2.584  3.256  3.256 -1.463 -1.436 -1.458 -1.794  1.828  3.216  1.920  3.216 -1.887 -1.615 -1.605 -1.831  0.534  2.630  3.279  3.930  3.896 -1.691 -1.289 -1.335 -1.718  1.671  4.727  4.731  4.725 -1.760 -1.382 -1.423 -1.879  1.373  3.323  3.332  3.326 -1.647 -1.489 -1.532 -1.792  0.917  2.792  0.167  1.797 -0.759 -1.400 -1.427 -1.706  1.037  3.920  1.104 -1.894 -1.589 -1.601 -1.880  1.193  2.952  3.620  0.903  1.994 -1.814 -1.461 -1.478 -1.718  1.139  3.942  3.912  3.205  3.876  3.171  3.854 -1.525 -1.374 -1.432 -1.751  0.617  0.558 -1.471 -1.485 -1.500 -1.754  0.776  0.899  2.846 -1.297 -1.316 -1.335 -1.731  1.585  2.919  3.837 -1.426 -1.179 -1.211 -1.608  1.827  2.930  2.217  2.940  2.916  2.938  2.949  2.240  2.947  2.936 -1.558 -1.355 -1.378 -1.717  0.884  3.821  3.119  3.819  3.799  3.803  3.101  1.689 
   0-2 -0.498 -1.457  4.734 -1.463 -1.471  4.722 -1.536  2.938 -1.351 -1.361  2.940  2.942 -1.438  3.463 -1.534 -1.539  4.114  4.083  2.977  3.368 -1.546  4.131 -1.598 -1.603  4.091  4.053  4.021  4.011  4.000 -1.339  3.951 -1.246 -1.261  3.261  3.271  3.274  3.272  3.970  3.969  3.967 -1.425  3.911 -1.314 -1.328 -1.351  3.320 -1.312 -1.319  3.299  3.288  3.274  3.282  3.260  3.262 -1.320  4.308 -1.447 -1.466  4.312  4.310  4.311  4.308 -1.557  3.409 -1.594 -1.606  3.371  3.319  3.971  3.926  3.891 -1.425  4.706 -1.305 -1.321  4.712  4.724  4.727  4.029 -1.400  3.315 -1.392 -1.398  3.319  3.318  3.329  2.626 -1.419  3.947 -1.482 -1.481  3.910  3.887  2.779  3.177 -1.390  1.880 -1.398 -1.396  3.921  3.913 -1.174 -1.438  3.708 -1.584 -1.594  3.675  3.643  3.616  3.602  3.599 -1.497  3.995 -1.459 -1.461  3.967  3.938  3.908  3.894  3.870  3.860  3.850 -1.430  4.277 -1.377 -1.390  4.250  4.239 -1.379  4.268 -1.483 -1.486  4.238  3.533  3.129 -1.285  4.529 -1.328 -1.348  4.523  3.829  4.526 -1.346  2.914 -1.198 -1.208  2.920  2.924  2.908  2.931  2.909  2.926  2.943  2.926  2.940  2.930 -1.419  3.832 -1.364 -1.372  3.822  3.814  3.114  3.812  3.792  3.796  3.093  3.069 
   0-3 -0.411 -1.473 -1.463 -0.421 -0.477  2.774 -1.548 -1.535 -0.543 -0.260  2.938  2.942 -1.462 -1.466 -0.092 -0.454  2.318  4.081  4.073  3.365 -1.568 -1.568 -0.637 -0.620  2.990  4.050  4.017  4.009  4.000 -1.363 -1.335 -0.395 -0.243  2.006  3.964  3.964  3.966  3.274  3.967  3.967 -1.453 -1.441  0.133 -0.005 -1.387 -1.364 -0.161  0.082  2.194  3.282  3.263  3.274  3.249  3.251 -1.320 -1.304 -0.523 -0.506  3.617  4.309  3.212  4.307 -1.582 -1.576 -0.601 -0.573  2.272  4.014  3.972  3.929  3.894 -1.441 -1.416 -0.436 -0.422  4.018  4.721  4.725  4.720 -1.424 -1.395 -0.289 -0.448  3.315  3.317  3.326  3.319 -1.440 -1.440 -0.479 -0.581  1.963  3.191  2.775  3.177 -1.397 -1.396 -0.611 -0.490  3.919  3.911 -1.438 -1.469 -1.458 -0.546 -0.661  3.676  3.642  3.615  2.908  3.600 -1.520 -1.513 -0.418 -0.402  2.866  3.940  3.905  3.889  3.871  3.860  3.155 -1.458 -1.451 -0.244 -0.367  2.636  3.542 -1.417 -1.390 -0.388 -0.423  3.540  3.533  4.226 -1.305 -1.279 -0.236 -0.114  3.829  4.520  3.426 -1.354 -1.340 -0.438 -0.110  2.918  2.923  2.909  2.935  2.910  2.929  2.942  2.925  2.940  2.933 -1.436 -1.416 -0.392 -0.268  2.212  3.122  3.111  3.810  3.788  3.797  3.786  3.066 
   0-4 -0.442 -1.843 -1.471 -0.477  1.405  1.767 -1.831 -1.545 -0.263  1.115  2.924  2.930 -1.713 -1.473  0.196  1.744  1.614  2.685  1.986  2.103 -1.796 -1.583 -0.364  3.019  2.136  2.656  4.011  2.902  2.379 -1.686 -1.350 -0.110  2.114  1.860  2.852  2.162  2.855  2.856  3.955  3.954 -1.801 -1.469  0.178  1.445 -1.724 -1.373  0.039  1.906  1.495  3.272  0.766  3.264  1.621  1.291 -1.611 -1.324 -0.066  1.328  2.219  2.101  2.219  3.605 -1.866 -1.592 -0.492  1.386  1.573  2.064  2.579  2.314  0.250 -1.841 -1.429 -0.173  1.717  2.503  4.018  3.104  2.918 -1.784 -1.395 -0.009  1.899  1.692  2.207  3.313  3.306 -1.712 -1.440 -0.093  0.979  1.595  2.490  1.667  0.247 -1.416 -1.358 -0.587  1.109  3.911  2.803  0.975 -1.736 -1.476 -0.403  2.586  2.277  1.842  2.508  1.800  0.409 -1.835 -1.522 -0.496  1.671  2.162  1.982  3.202  0.989  2.763  0.354  0.436 -1.708 -1.467 -0.101  1.476  1.671 -0.145 -1.643 -1.411  0.117  1.530  2.615 -0.115  2.019 -1.673 -1.280  0.179  2.189  2.567  2.717  2.211 -1.704 -1.351 -0.479  2.187  2.219  2.913  1.800  2.924  0.704  2.219  2.931  2.910  2.927  2.919 -1.790 -1.435 -0.184  1.317  1.613  3.111  3.103  2.191  3.779  3.787  3.772  0.705 
   0-5  2.633  1.324  4.722  2.774  1.767  4.718  0.977  2.925  2.224  2.218  2.933  2.242  0.911  4.148  2.777  1.667  3.422  4.085  2.691  2.113  0.882  4.118  3.035  1.727  4.090  4.052  4.019  4.011  2.208  1.213  3.932  3.226  1.833  3.948  3.958  3.267  3.958  3.271  3.961  2.866  1.075  3.492  2.656  1.759  1.105  3.297  3.307  2.604  3.288  3.276  3.265  3.267  2.553  3.247  1.238  4.295  3.591  2.487  4.306  3.611  2.920  3.206  0.888  4.089  2.716  2.014  3.364  4.005  3.962  3.919  3.192  1.389  4.692  2.733  1.839  4.709  4.718  3.336  3.330  0.729  3.298  3.293  0.892  3.308  3.316  2.624  2.215  1.115  3.936  3.249  2.323  3.907  3.885  2.264  2.769  1.467  3.943  2.162  1.871  3.918  3.220  2.139  1.073  3.696  3.008  1.615  3.673  2.947  3.613  2.904  1.981  0.818  3.291  2.890  1.901  3.270  3.932  3.902  3.886  3.865  3.159  3.152  1.188  4.264  2.476  1.620  4.246  2.291  1.313  4.250  3.564  1.852  3.542  2.840  2.838  1.507  4.508  3.407  2.706  3.823  2.906  3.419  1.796  2.900  2.194  1.780  2.915  2.917  2.906  2.926  2.905  2.920  2.938  2.921  2.936  2.929  1.037  3.119  3.808  3.111  2.718  3.810  3.109  3.805  3.094  3.791  3.782  2.658 
   0-6 -0.932 -1.284 -1.536 -1.548 -1.831  0.977 -0.986 -1.171 -1.214 -1.680  1.543  1.136 -1.652 -1.667 -1.693 -2.003  0.654  1.725  0.218  0.309 -1.368 -1.374 -1.362 -1.679  1.011  2.355  2.322  0.700  1.200 -1.138 -1.095 -1.142 -1.662  0.902  1.603  1.606  2.298  2.300  2.292  2.292 -1.537 -1.428 -1.444 -1.875 -1.613 -1.516 -1.512 -1.772  0.096  0.998  0.984  1.680  1.663  1.674 -1.091 -1.326 -1.377 -1.796  1.203  1.899  1.891  2.587 -1.647 -2.001 -1.992 -2.177  0.353  1.294  2.345  2.303  2.269 -1.441 -1.575 -1.618 -1.948  1.524  2.920  2.923  2.913 -0.952 -1.015 -1.031 -1.490  1.613  1.620  1.640  1.633 -1.566 -1.559 -1.598 -1.766  0.915  2.276  0.470  2.257 -0.658 -1.450 -1.467 -1.684  0.747  1.655  0.759 -1.648 -1.423 -1.445 -1.694  0.665  2.023  1.988  1.287  1.273 -1.322 -1.341 -1.361 -1.642  0.738  1.622  2.286  2.267  2.247  2.229  2.222 -1.324 -1.734 -1.746 -1.974  0.296  0.488 -1.087 -1.474 -1.509 -1.786  0.357  0.938  1.448 -1.191 -1.310 -1.314 -1.773  1.364  1.653  2.061 -0.615 -1.136 -1.150 -1.456  0.656  0.653  1.325  1.354  1.318  1.339  1.363  1.326  1.347  1.331 -1.079 -1.659 -1.668 -1.967  0.589  2.192  2.179  2.190  2.171  2.175  2.173  0.360 
   0-7 -0.564 -1.321  2.938 -1.535 -1.545  2.925 -1.171  2.236 -1.180 -1.190  2.240  1.141 -1.525  2.491 -1.645 -1.652  2.450  2.425  1.317  1.706 -1.444  2.451 -1.355 -1.366  2.405  2.370  2.333  2.311  2.309 -1.260  2.288 -1.099 -1.113  2.291  2.303  2.305  2.300  2.301  2.298  2.296 -1.604  2.993 -1.411 -1.446 -1.882  1.730 -1.500 -1.474  1.713  1.702  1.686  1.690  1.676  1.673 -1.369  2.596 -1.331 -1.349  2.596  2.604  2.589  2.594 -1.579  2.481 -1.986 -1.982  2.449  2.401  2.350  2.310  2.282 -1.461  2.917 -1.584 -1.609  2.919  2.924  2.932  2.922 -1.265  1.631 -1.018 -1.092  1.622  1.640  1.640  1.636 -1.387  2.343 -1.545 -1.559  2.303  2.283  1.575  2.264 -1.860  1.300 -1.438 -1.422  2.365  2.360 -1.704 -1.666  2.085 -1.410 -1.454  2.060  2.018  1.983  1.979  1.963 -1.695  2.390 -1.329 -1.318  2.358  2.323  2.283  2.266  2.244  2.234  2.224 -1.535  2.725 -1.724 -1.738  2.700  2.693 -1.409  2.585 -1.471 -1.477  2.555  2.558  2.553 -1.378  2.761 -1.313 -1.331  2.755  2.749  2.760 -1.152  1.358 -1.142 -1.230  1.362  1.353  1.328  1.357  1.318  1.338  1.364  1.327  1.349  1.331 -1.184  2.208 -1.660 -1.684  2.202  2.198  2.188  2.192  2.176  2.178  2.179  2.162 
   0-8 -0.388 -1.345 -1.351 -0.543 -0.263  2.224 -1.214 -1.180  0.008  0.591  2.231  2.227 -1.568 -1.555 -0.512 -0.356  1.752  2.403  2.397  2.384 -1.476 -1.479 -0.194 -0.212  2.396  2.357  2.316  2.306  2.296 -1.266 -1.261  0.312  0.866  2.281  2.290  2.291  2.289  2.294  2.285  2.292 -1.640 -1.619 -0.196 -0.204 -1.900 -1.902 -0.238  0.592  1.706  1.690  1.678  1.682  1.671  1.669 -1.380 -1.373 -0.065 -0.010  2.589  2.591  2.586  2.588 -1.583 -1.602 -0.602 -0.567  2.447  2.397  2.347  2.309  2.270 -1.470 -1.445 -0.010  0.035  2.213  2.912  2.917  2.915 -1.265 -1.263 -0.177  0.219  1.623  1.628  1.634  1.621 -1.450 -1.418 -0.229  0.124  2.295  2.266  1.569  2.251 -1.864 -1.867 -0.261  0.075  2.356  2.349 -1.883 -1.702 -1.695 -0.331  0.450  2.041  2.005  1.975  1.962  1.956 -1.709 -1.709 -0.330 -0.032  2.347  2.319  2.275  2.258  2.238  2.227  2.209 -1.560 -1.561  0.146  0.060  2.688  1.991 -1.454 -1.419  0.170 -0.080  2.556  1.855  2.543 -1.417 -1.383 -0.206  0.093  2.054  2.745  2.749 -1.159 -1.145  0.642  1.333  1.348  1.351  1.334  1.346  1.321  1.339  1.360  1.319  1.348  1.325 -1.218 -1.176  0.798  1.083  2.201  2.193  1.491  2.186  2.172  2.173  2.171  2.153 
   0-9 -0.493 -1.703 -1.361 -0.260  1.115  2.218 -1.680 -1.190  0.591  1.096  1.527  1.122 -1.809 -1.582 -0.296  0.674  1.736  2.398  1.697  2.372 -1.665 -1.490  0.133  1.327  2.390  1.656  2.311  2.301  2.286 -1.792 -1.233  0.302  1.550  2.274  2.283  2.284  2.280  1.589  1.181  1.589 -2.080 -1.660 -0.389  0.569 -2.163 -1.930 -0.093  1.693  1.702  1.685 -0.114  1.671  0.971  0.968 -1.765 -1.380 -0.074  1.859  2.582  1.199  2.579  1.887 -1.957 -1.587 -0.221  0.530  1.752  1.004  1.644  2.301 -0.138 -1.756 -1.454 -0.120  1.256  2.902  2.909  2.910  2.907 -1.647 -1.321 -0.007  1.593  0.930  1.627  0.940  1.608 -1.682 -1.421 -0.074  0.702  2.283  2.261  1.153  0.290 -1.884 -1.849 -0.672  0.421  2.344  2.338  0.971 -2.035 -1.684 -0.647  1.356  2.030  1.998  1.966  1.267 -0.135 -1.855 -1.733 -0.406  0.970  1.644  1.205  2.270  0.461  2.227 -0.181  0.125 -1.791 -1.568  0.301  1.302  1.291 -0.096 -1.728 -1.446  0.255  1.451  1.855 -0.023  1.150 -1.812 -1.405  0.430  1.338  2.047  2.046  2.043 -1.728 -1.156  0.228  1.320  0.656  0.649  0.629  0.647  1.315  1.327  0.256  1.312  1.339  1.323 -1.535 -1.178  0.393  1.484  0.584  1.495  1.485  1.489  2.164  1.473  2.159  0.755 
  0-10  1.893  0.863  2.940  2.938  2.924  2.933  1.543  2.240  2.231  1.527  2.242 -2.513  0.432  2.491  2.510  1.808  2.458  2.430  1.325  2.406  0.535  2.456  1.773  1.356  2.421  2.384  2.343  2.329  2.320  1.588  2.284  1.174  0.873  2.300  2.304  2.308  2.301  2.301  2.297  2.301  0.604  2.995  1.904  1.604 -0.207  1.734  1.730  1.713  1.720  1.703  1.696  1.693  1.680  0.986  1.198  2.596  2.587  2.571  2.600  2.604  2.593  1.503  0.894  2.480  1.402  1.392  2.453  2.407  2.358  2.318  2.286  0.957  2.914  2.205  1.273  2.929  2.934  2.942  2.928  0.945  1.638  0.526  0.236  1.636  1.650  1.658  0.553  0.746  2.347  2.356  1.649  2.314  2.291  1.587  1.584  1.305  2.393  2.399  1.294  2.368  2.363  1.689  2.108  2.090  1.401  1.390  2.063  2.027  1.996  1.985  1.970  0.457  2.386  1.701  1.687  2.362  2.324  2.286  2.267  2.250  2.241  1.540  0.432  2.725  2.724  1.330  2.703  1.598  0.795  2.580  1.485  1.194  2.563  2.561  2.556  0.809  2.765  2.758  2.058  2.759  2.748  2.760  1.350  1.355  1.350  1.351  1.363  1.357  1.342  1.360  1.339  1.341  1.364  1.340  1.353  1.341  0.591  2.200  1.506  0.804  2.210  2.203  2.202  2.193  1.504  2.193  2.188  2.172 
  0-11  1.029  2.253  2.942  2.942  2.930  2.242  1.136  1.141  2.227  1.122 -2.513 -3.887  2.511  2.494  2.509  2.501  2.460  2.436  2.429  1.723  2.484  2.459  2.469  2.459  2.422  2.392  2.352  2.340  2.328  2.283  2.293  1.574  1.566  2.301  2.302  2.307  2.302  2.308  2.306  2.301  1.403  2.311  3.009  1.612  1.740  1.741  1.734  1.720  1.733  1.721  1.709  1.702  1.691  1.680  2.588  2.596  2.590  1.479  2.606  1.915  2.600  1.909  1.808  2.488  1.810  1.399  2.452  1.715  2.359  2.325  1.597  2.903  2.918  2.903  2.196  2.932  2.944  2.947  2.937  1.637  1.649  1.629  1.618  1.648  1.664  1.668  0.563  2.358  2.351  2.358  2.349  2.319  2.304  2.291  2.290  2.407  2.402  2.403  2.395  2.367  2.357  2.382  2.105  2.083  2.090  0.983  2.053  2.026  1.998  1.988  1.286  2.405  2.387  2.392  0.991  2.361  2.325  2.288  1.166  2.253  1.144  2.235  2.045  2.723  2.728  1.331  2.703  1.088  2.593  2.588  2.593  1.198  2.570  2.563  1.870  2.758  2.767  2.761  1.657  2.774  2.071  2.771  1.338  1.347  1.346  1.343  1.368  1.353  1.343  1.357  1.336  1.353  1.368  1.345  1.362  1.348  2.199  2.202  2.203  2.193  2.208  2.204  1.101  2.194  1.493  2.193  1.492  1.476 
  0-12 -1.026 -1.661 -1.438 -1.462 -1.713  0.911 -1.652 -1.525 -1.568 -1.809  0.432  2.511 -1.714 -1.489 -1.521 -1.808  0.486  2.900 -0.050  0.576 -1.935 -1.606 -1.619 -1.839  0.678  2.483  3.549  2.152  1.735 -1.460 -1.499 -1.540 -1.731  0.895  2.852  3.547  2.856  3.544  3.548  3.548 -1.690 -1.535 -1.539 -1.703 -1.488 -1.494 -1.516 -1.868  0.294  2.152  1.221  2.830  2.810  2.816 -1.450 -1.533 -1.557 -1.745  1.367  3.849  1.549  2.751 -1.946 -1.729 -1.756 -2.224  0.422  2.496  3.548  3.508  2.779 -1.688 -1.490 -1.529 -1.736  1.561  4.209  4.215  3.512 -1.530 -1.402 -1.446 -1.620  1.233  1.751  2.858  2.851 -1.674 -1.442 -1.497 -1.875  0.820  2.745 -0.376  1.120 -1.203 -1.740 -1.771 -1.911  1.398  2.781  1.543 -1.651 -1.391 -1.389 -1.989  0.620  2.460  3.129 -0.140  1.323 -1.803 -1.656 -1.660 -2.036  0.740  2.392  3.460  3.445  3.425  3.418  2.306 -1.638 -1.503 -1.547 -1.815  0.421  0.565 -1.552 -1.453 -1.479 -1.805  1.122  0.494  2.656 -1.422 -1.539 -1.578 -1.833  1.241  2.405  2.405 -1.711 -1.719 -1.743 -1.850  0.691  1.788  1.776  2.492  2.469  2.481  2.501  2.481  2.501  2.489 -1.641 -1.623 -1.659 -1.813  0.814  2.278  3.369  3.369  3.357  3.358  3.348  1.026 
  0-13 -0.626 -1.548  3.463 -1.466 -1.473  4.148 -1.667  2.491 -1.555 -1.582  2.491  2.494 -1.489  3.641 -1.499 -1.512  3.603  3.578  2.474  3.555 -1.646  3.640 -1.615 -1.608  3.606  3.565  3.529  2.825  3.511 -1.581  3.507 -1.530 -1.543  3.514  3.523  3.524  3.528  3.526  3.528  3.529 -1.664  4.059 -1.549 -1.549 -1.119  2.859 -1.511 -1.517  2.838  2.825  2.810  2.813  2.792  2.797 -1.584  3.822 -1.570 -1.576  3.829  3.830  3.827  3.826 -1.677  3.663 -1.734 -1.740  3.628  3.574  3.532  3.491  2.766 -1.558  3.482 -1.527 -1.533  3.487  4.190  4.194  4.184 -1.386  2.819 -1.428 -1.454  2.824  2.831  2.838  2.830 -1.537  3.479 -1.450 -1.439  3.445  3.421  2.718  3.403 -1.739  2.801 -1.759 -1.766  3.459  3.453 -1.580 -1.529  3.192 -1.401 -1.400  2.470  3.135  3.113  2.407  3.096 -1.446  2.826 -1.660 -1.681  3.492  3.474  3.441  3.421  3.405  2.704  2.695 -1.514  3.759 -1.522 -1.532  3.731  3.030 -1.486  3.771 -1.469 -1.476  3.742  3.727  3.734 -1.471  3.999 -1.567 -1.562  3.993  3.300  3.993 -1.653  2.458 -1.756 -1.772  2.465  2.457  2.445  2.467  2.443  2.460  2.480  2.460  2.479  2.463 -1.532  3.373 -1.649 -1.634  3.363  3.357  3.347  3.351  3.334  3.338  3.331  3.305 
  0-14 -0.475 -1.565 -1.534 -0.092  0.196  2.777 -1.693 -1.645 -0.512 -0.296  2.510  2.509 -1.521 -1.499 -0.099 -0.109  2.230  3.590  3.583  3.569 -1.654 -1.650 -0.656 -0.299  2.924  3.579  3.547  2.843  2.830 -1.578 -1.552 -0.319 -0.111  2.839  3.545  3.544  2.854  3.546  3.548  3.546 -1.674 -1.658  0.048 -0.122 -1.123 -1.094  0.029 -0.192  2.852  2.837  2.822  2.828  2.808  2.814 -1.600 -1.562 -0.483 -0.245  3.151  3.847  3.848  3.844 -1.706 -1.679 -0.431 -0.390  1.698  2.206  3.547  3.508  3.480 -1.570 -1.530 -0.485 -0.291  2.590  4.209  3.520  4.204 -1.371 -1.362 -0.581 -0.077  2.147  2.847  2.854  2.847 -1.629 -1.535 -0.379 -0.260  1.668  3.437  3.427  2.033 -1.727 -1.730 -0.644 -0.352  3.474  3.470 -1.744 -1.528 -1.516 -0.160 -0.163  1.798  2.464  3.130  3.119  3.114 -1.480 -1.444 -0.511 -0.600  2.813  3.486  3.454  3.439  2.727  2.719  2.708 -1.575 -1.512 -0.255 -0.106  1.805  2.645 -1.502 -1.476 -0.213 -0.121  3.757  1.952  3.057 -1.470 -1.444 -0.161 -0.200  4.011  2.912  3.317 -1.655 -1.630 -0.639 -0.191  1.780  2.478  2.461  2.484  2.461  2.477  2.497  2.482  2.493  2.484 -1.566 -1.512 -0.479 -0.094  2.280  3.371  3.363  3.370  3.349  3.357  3.346  3.325 
  0-15 -0.544 -1.866 -1.539 -0.454  1.744  1.667 -2.003 -1.652 -0.356  0.674  1.808  2.501 -1.808 -1.512 -0.109  1.449  1.664  2.890  2.189  2.868 -1.901 -1.664 -0.594  1.248  2.003  2.880  2.848  2.432  2.422 -1.839 -1.555 -0.474  1.703  2.139  2.840  2.843  2.150  3.536  2.844  2.439 -1.981 -1.688  0.302  1.168 -1.534 -1.118 -0.139  1.744  2.150  2.132  0.868  0.737  2.101  0.497 -1.812 -1.566 -0.344  1.613  3.143  1.890  2.452  2.044 -2.092 -1.685 -0.435  1.471  1.155  1.509  2.158  1.898 -0.163 -1.824 -1.547 -0.277  1.590  1.889  2.816  2.412  3.503 -1.569 -1.369 -0.448  1.198  1.732  2.145  2.846  2.149 -1.970 -1.524 -0.099  1.078  0.964  1.635  1.115 -0.327 -1.760 -1.717 -1.134  1.543  3.464  2.075  1.866 -1.921 -1.540 -0.165  1.249  0.984  1.069  2.024  1.720  0.542 -1.851 -1.449 -0.112  1.323  1.707  1.867  2.060  0.792  2.720  0.040 -0.296 -1.815 -1.515 -0.022  1.452  1.440 -0.409 -1.702 -1.479  0.128  1.564  3.053 -0.344  2.355 -1.698 -1.448  0.116  2.034  2.396  2.390  1.804 -1.823 -1.638 -0.498  0.494  1.777  2.468  1.059  2.483  1.062  2.465  2.488  1.369  2.484  1.373 -1.788 -1.518 -0.187  1.980  1.988  3.365  3.356  3.359  2.648  3.346  3.335  0.477 
  0-16  2.318  1.227  4.114  2.318  1.614  3.422  0.654  2.450  1.752  1.736  2.458  2.460  0.486  3.603  2.230  1.664  3.575  3.546  2.846  3.524  0.225  3.607  2.518  1.813  2.883  2.840  3.497  2.100  2.096  0.814  2.772  2.351  1.833  3.476  3.486  3.489  3.491  2.796  3.494  3.494  0.497  4.016  2.641  1.941  1.201  2.803  1.711  1.010  2.801  2.784  2.766  2.774  2.748  2.757  1.061  3.089  3.076  3.068  3.101  3.796  3.099  3.793  0.931  3.622  1.689  0.793  3.597  3.544  3.500  2.766  2.043  1.029  3.439  2.324  1.467  3.452  4.153  4.157  3.458  0.979  2.776  2.079  2.068  2.789  2.794  2.801  2.099  0.618  3.437  2.752  1.827  2.720  3.390  2.691  1.990  1.374  2.757  1.150  0.887  3.427  3.425  1.493  0.774  3.151  2.467  2.053  2.437  2.409  3.073  1.965  3.058  0.854  3.485  1.702  1.004  3.467  3.442  3.406  2.700  3.371  1.756  2.251  0.956  3.718  1.778  1.416  3.701  2.303  0.899  3.725  2.631  1.325  3.706  2.312  3.701  0.898  3.951  2.559  1.994  3.265  2.859  3.958  0.467  2.425  2.408  1.705  2.429  2.428  2.409  2.431  1.716  2.423  2.446  2.426  2.442  2.436  1.376  3.325  2.628  2.630  3.331  3.323  3.314  3.316  2.607  3.302  3.296  1.882 
  0-17  3.644  3.393  4.083  4.081  2.685  4.085  1.725  2.425  2.403  2.398  2.430  2.436  2.900  3.578  3.590  2.890  3.546  3.516  2.815  3.489  1.983  3.575  3.588  3.573  2.849  3.501  2.773  2.071  2.347  2.730  3.430  3.421  2.026  3.446  3.457  3.456  3.458  3.457  3.460  3.459  2.203  3.985  3.994  3.295  2.780  2.772  2.780  1.674  2.768  2.749  2.733  2.737  2.714  2.720  3.043  3.747  3.741  3.730  3.757  3.762  3.757  3.758  2.516  3.593  3.606  2.500  3.567  3.516  3.473  3.436  0.918  2.144  4.099  4.085  4.074  3.418  4.119  4.120  4.116  2.742  2.749  2.744  2.735  2.759  2.762  2.766  2.758  2.323  3.408  3.415  2.021  3.385  3.363  1.966  1.963  2.736  2.730  2.737  2.325  2.706  3.397  2.719  2.042  3.123  3.131  2.427  2.409  2.375  2.348  1.931  1.927  3.471  3.460  3.464  2.763  3.441  3.413  3.382  2.668  3.341  0.701  1.716  2.313  3.691  3.696  2.999  3.671  1.462  3.702  3.695  3.700  2.597  3.679  1.470  3.669  2.302  3.922  3.916  2.299  3.929  3.926  3.929  1.687  2.388  2.379  2.366  2.400  2.401  2.388  2.408  2.378  2.398  2.416  2.393  2.413  2.402  2.602  3.298  3.293  2.602  3.305  3.291  3.284  3.285  3.271  3.268  3.260  2.137 
  0-18  1.054  0.229  2.977  4.073  1.986  2.691  0.218  1.317  2.397  1.697  1.325  2.429 -0.050  2.474  3.583  2.189  2.846  2.815  0.796  1.081  0.220  2.874  2.887  2.181  3.533  2.799  2.765  0.809  0.731  0.327  3.426  3.413  2.021  3.442  3.451  2.758  2.758  2.758  2.350  3.452 -0.346  2.593  2.376  2.190 -0.172  2.770  2.777  1.668  2.762  2.743 -0.361  0.938  0.764 -0.284  0.555  3.743  3.039  2.339  3.750  3.756  2.654  3.057 -0.241  3.591  2.907  1.191  2.172  2.818  2.365  1.481 -1.453  0.587  4.092  4.080  2.685  2.717  3.418  3.420  2.497  0.439  2.749  2.743  2.037  2.755  2.754  2.760  2.057 -0.610  2.305  2.718  1.612  1.767  2.258  0.777 -0.296  0.782  2.319  3.422  1.808  2.294  3.391  1.328  0.089  3.117  3.125  1.730  2.398  1.965  2.345  1.235 -0.566 -0.444  3.454  2.767  1.659  2.336  2.023  0.666 -1.073  1.262 -1.301 -1.594 -0.538  3.685  2.997  1.737  1.584 -1.227 -0.311  3.691  3.697  2.301  2.062 -0.962  2.054  0.442  3.222  3.912  2.113  2.537  3.920  2.823  0.764  2.382  2.369  1.667  2.393  2.398  2.381  2.404 -0.188  2.393  2.411  2.385  2.413  2.402  0.154  3.293  3.292  2.596  2.603  3.287  3.277  3.279  3.261  2.572  3.252 -1.001 
  0-19  1.183  1.020  3.368  3.365  2.103  2.113  0.309  1.706  2.384  2.372  2.406  1.723  0.576  3.555  3.569  2.868  3.524  3.489  1.081  1.517  0.575  2.859  3.564  2.167  2.420  2.379  3.445  1.356  0.430  0.507  3.403  3.392  2.287  3.417  3.429  3.430  3.430  2.738  3.431  3.430  0.102  2.865  2.586  2.356  0.196  2.750  2.755  1.648  2.735  2.716 -0.821  0.921  0.484 -0.894  0.768  3.028  3.713  3.011  3.733  3.041  3.732  3.038  0.094  2.878  2.888  2.185  1.933  2.105  1.840  0.778 -1.667  1.068  3.381  4.059  4.051  4.086  4.092  3.400  2.989  0.921  2.720  2.718  2.711  2.734  2.737  1.641  2.042 -0.096  3.386  2.700  1.593  2.667  1.952  0.930 -0.502  2.024  2.710  2.710  1.789  2.685  1.986  2.004  0.549  2.407  2.413  2.402  2.383  1.660  2.321  0.922 -0.135  0.085  2.342  2.753  2.338  2.030  2.004  1.280 -0.768  0.837 -1.396 -1.617  0.150  3.666  3.672  2.056  1.248 -1.144  0.014  2.574  2.983  2.283  2.043 -0.834  2.258  0.489  3.897  3.891  2.494  3.902  3.207  3.209  0.744  2.363  2.352  2.341  2.374  2.375  2.358  2.379 -0.742  2.365  2.388  2.358  2.385  2.369  1.071  2.581  3.271  2.170  3.276  3.267  3.259  3.258  3.240  3.241  3.231 -1.366 
  0-20 -1.086 -1.936 -1.546 -1.568 -1.796  0.882 -1.368 -1.444 -1.476 -1.665  0.535  2.484 -1.935 -1.646 -1.654 -1.901  0.225  1.983  0.220  0.575 -2.077 -1.685 -1.686 -1.891  0.605  3.658  2.930  1.667  2.218 -1.721 -1.603 -1.629 -1.802  0.916  3.496  3.494  3.496  3.496  3.498  3.495 -1.530 -1.486 -1.485 -1.676 -1.699 -1.549 -1.593 -1.924  0.748  2.815  2.803  2.798  2.779  2.771 -1.532 -1.393 -1.415 -1.731  1.416  3.818  3.123  3.819 -2.068 -1.688 -1.716 -2.143  0.504  2.535  3.595  3.552  3.522 -1.798 -1.484 -1.533 -1.775  1.179  3.136  3.547  3.133 -1.832 -1.472 -1.538 -1.820  0.882  2.144  2.846  2.838 -1.975 -1.498 -1.517 -1.816  0.546  3.356 -0.148  1.394 -1.543 -1.960 -1.981 -2.136  0.510  3.447  1.064 -2.168 -1.821 -1.815 -2.146  0.864  3.137  3.114  0.699  2.407 -1.910 -1.640 -1.661 -2.095  0.649  2.419  3.491  3.472  3.454  2.754  3.437 -1.583 -1.496 -1.559 -1.878  0.423  0.676 -1.658 -1.466 -1.486 -1.828  0.795  0.422  1.732 -1.563 -1.546 -1.567 -1.825  1.434  1.920  2.614 -1.751 -1.534 -1.584 -1.809  1.042  2.425  2.406  2.435  2.406  2.422  2.449  2.418  2.447  2.431 -1.655 -1.531 -1.571 -1.817  1.024  3.319  2.622  3.313  3.302  3.300  3.295  2.579 
  0-21 -0.653 -1.608  4.131 -1.568 -1.583  4.118 -1.374  2.451 -1.479 -1.490  2.456  2.459 -1.606  3.640 -1.650 -1.664  3.607  3.575  2.874  2.859 -1.685  3.714 -1.688 -1.700  3.679  3.639  3.603  2.495  3.587 -1.534  3.456 -1.634 -1.635  2.773  3.473  3.474  3.476  3.476  3.479  3.476 -1.536  4.007 -1.494 -1.498 -1.318  2.827 -1.561 -1.561  2.810  2.795  2.782  2.781  2.762  2.761 -1.485  3.102 -1.416 -1.424  3.796  3.802  3.795  3.799 -1.794  3.703 -1.691 -1.706  3.671  3.622  3.580  3.540  2.409 -1.539  4.201 -1.511 -1.529  4.206  4.215  4.220  3.517 -1.693  2.807 -1.501 -1.513  2.809  2.817  2.829  2.824 -1.801  3.395 -1.500 -1.506  3.364  3.340  2.232  3.325 -1.531  1.389 -1.975 -1.951  3.431  3.428 -1.112 -1.729  3.179 -1.830 -1.857  3.151  3.120  3.097  3.080  2.390 -1.628  3.547 -1.654 -1.644  3.522  3.496  3.469  3.453  3.436  3.429  3.414 -1.357  3.687 -1.516 -1.506  3.665  2.557 -1.648  3.697 -1.476 -1.491  3.669  3.660  3.658 -1.565  3.987 -1.570 -1.569  3.981  3.979  3.979 -1.651  2.406 -1.566 -1.576  2.409  2.408  2.389  2.421  2.386  2.402  2.433  2.398  2.431  2.410 -1.523  3.321 -1.552 -1.559  3.309  3.301  3.295  3.294  3.282  3.280  3.274  3.250 
  0-22 -0.544 -1.616 -1.598 -0.637 -0.364  3.035 -1.362 -1.355 -0.194  0.133  1.773  2.469 -1.619 -1.615 -0.656 -0.594  2.518  3.588  2.887  3.564 -1.686 -1.688 -0.755 -0.433  2.304  3.650  3.617  2.915  3.599 -1.541 -1.506 -0.394 -0.468  3.478  3.492  3.491  3.492  3.493  3.493  3.493 -1.552 -1.531  0.090  0.143 -1.354 -1.319 -0.350 -0.400  1.210  2.801  2.789  2.792  2.767  2.774 -1.492 -1.463 -0.539 -0.467  2.712  3.121  3.119  3.814 -1.809 -1.801 -0.755 -0.667  1.893  2.943  2.905  3.555  2.423 -1.546 -1.515 -0.546 -0.463  4.223  4.228  3.539  3.534 -1.694 -1.679 -0.697 -0.543  2.820  2.830  2.839  2.835 -1.794 -1.798 -0.559 -0.330  1.296  2.659  2.247  2.645 -1.520 -1.531 -0.873 -1.044  2.753  3.439 -1.536 -1.740 -1.731 -0.680 -0.750  3.159  3.133  3.110  2.404  1.994 -1.639 -1.629 -0.491 -0.462  2.837  2.407  3.481  3.466  3.448  2.748  3.432 -1.378 -1.357 -0.401 -0.305  2.294  3.669 -1.664 -1.633 -0.455 -0.501  2.586  2.980  2.577 -1.563 -1.545 -0.509 -0.423  3.302  3.993  3.301 -1.651 -1.629 -0.639 -0.175  2.427  2.420  2.401  2.436  2.394  2.418  2.446  2.413  2.443  2.437 -1.567 -1.508 -0.497 -0.278  3.320  3.311  3.306  3.305  3.291  3.293  3.287  2.571 
  0-23 -0.569 -1.909 -1.603 -0.620  3.019  1.727 -1.679 -1.366 -0.212  1.327  1.356  2.459 -1.839 -1.608 -0.299  1.248  1.813  3.573  2.181  2.167 -1.891 -1.700 -0.433  1.149  1.381  1.336  3.608  2.214  1.794 -1.752 -1.521 -0.315  2.342  2.086  2.789  2.383  2.788  3.482  3.484  2.790 -1.792 -1.557  0.249  1.702 -1.701 -1.361  0.042  1.201  1.199  2.098  0.983  1.169  2.061  0.675 -1.741 -1.463  0.022  1.829  2.194  2.706  2.703  3.108 -2.190 -1.811 -0.622  0.670  1.376  0.857  1.978  1.603 -0.066 -1.807 -1.523 -0.191  1.348  2.268  2.833  2.836  3.527 -1.926 -1.680 -0.616  1.394  1.706  2.122  2.827  2.822 -2.041 -1.812 -0.584  0.999  0.881  1.549  0.767 -0.169 -1.548 -1.454 -0.842  0.627  2.341  2.739  0.611 -1.989 -1.768 -0.554  1.564  2.055  1.517  1.715  1.010 -0.093 -2.050 -1.637 -0.385  1.345  1.446  1.098  2.083  0.818  3.435  0.790  0.087 -1.695 -1.354  0.131  1.194  1.180 -0.404 -1.877 -1.647 -0.131  0.988  1.884 -0.363  1.879 -1.824 -1.550 -0.203  1.661  2.886  2.883  2.375 -1.893 -1.640 -0.596  1.291  2.419  2.413  1.697  2.420  0.441  1.707  2.440  2.399  2.435  2.419 -1.807 -1.534 -0.195  1.506  2.211  3.300  2.605  3.293  3.281  3.276  3.276  1.052 
  0-24  2.461  0.692  4.091  2.990  2.136  4.090  1.011  2.405  2.396  2.390  2.421  2.422  0.678  3.606  2.924  2.003  2.883  2.849  3.533  2.420  0.605  3.679  2.304  1.381  3.650  3.605  2.879  2.867  3.555  1.103  3.416  2.717  2.015  2.742  3.443  3.445  3.441  3.448  3.444  2.752  1.202  3.272  2.369  1.574  0.842  2.780  2.088  1.676  2.771  2.747  2.743  2.742  2.723  2.717  1.037  3.755  3.056  2.131  3.770  3.769  3.071  3.070  0.640  3.666  2.578  1.271  3.641  3.594  3.547  2.811  2.378  0.750  4.160  3.455  1.945  4.174  4.182  2.798  3.482  1.378  2.766  2.061  1.651  2.778  2.778  2.787  2.783  0.595  3.357  2.270  1.280  2.638  3.311  1.911  2.601  2.330  3.425  2.038  2.323  3.405  3.399  2.719  0.324  3.142  3.146  1.527  3.119  3.086  3.063  2.357  2.356  1.122  3.509  2.414  1.429  2.800  3.466  3.436  3.421  3.404  2.703  2.693  1.026  3.653  2.552  1.847  2.943  1.833  0.478  3.649  2.561  1.354  3.635  2.527  2.527  0.939  3.941  2.835  1.729  3.945  3.943  3.943  0.977  2.368  2.356  2.342  2.384  2.378  2.356  2.389  1.661  2.373  2.402  2.367  2.391  2.380  1.481  3.275  1.660  1.316  3.277  3.267  3.263  3.264  3.245  3.248  3.240  3.216 
  0-25  3.550  2.668  4.053  4.050  2.656  4.052  2.355  2.370  2.357  1.656  2.384  2.392  2.483  3.565  3.579  2.880  2.840  3.501  2.799  2.379  3.658  3.639  3.650  1.336  3.605  3.570  3.530  2.827  3.514  2.270  3.375  3.368  2.666  3.392  3.401  3.404  3.400  3.408  3.401  3.404  2.552  3.234  3.246  2.549  2.750  2.739  2.740  2.038  2.730  2.710  2.696  2.697  2.675  1.983  3.014  3.718  3.709  2.314  3.725  3.725  3.031  3.027  2.958  3.631  2.952  1.437  2.909  3.556  3.508  2.371  1.491  3.012  4.120  3.419  2.493  3.439  4.138  2.754  3.438  2.724  2.729  2.027  1.323  2.731  2.044  2.745  2.044  2.238  3.318  3.329  1.934  2.599  3.273  2.160  3.252  3.394  3.387  2.697  1.774  3.365  3.359  2.679  3.113  3.098  3.109  1.155  2.387  3.049  3.022  3.010  2.313  2.387  3.474  3.483  1.683  3.451  3.427  3.400  3.385  2.672  2.259  1.960  2.243  3.615  3.618  2.509  3.598  1.977  2.926  2.919  2.929  1.825  3.596  1.791  2.892  3.896  3.899  3.896  2.788  3.904  3.902  3.210  2.320  2.333  2.323  1.613  2.345  2.344  2.320  2.349  2.313  2.333  2.358  2.325  2.353  2.340  3.237  3.234  3.233  2.537  3.237  3.233  3.225  2.535  3.209  2.524  3.202  2.488 
  0-26  3.996  4.025  4.021  4.017  4.011  4.019  2.322  2.333  2.316  2.311  2.343  2.352  3.549  3.529  3.547  2.848  3.497  2.773  2.765  3.445  2.930  3.603  3.617  3.608  2.879  3.530  3.499  3.488  2.786  3.336  3.347  3.335  2.638  3.362  3.370  3.369  3.368  3.369  2.674  3.367  3.906  3.203  3.907  3.904  2.717  2.706  2.708  2.705  2.690  2.671  2.656  2.657  2.635  2.635  3.673  3.680  3.674  3.665  3.687  3.686  2.994  3.680  3.623  3.600  3.615  2.505  3.570  3.518  3.479  3.440  0.577  4.083  4.091  3.389  4.071  4.099  3.410  4.107  3.403  2.691  2.692  2.688  2.678  2.700  2.698  2.704  2.697  3.305  3.288  3.296  3.287  3.258  3.238  2.128  3.222  3.363  3.357  3.361  2.659  3.336  3.329  3.345  3.086  3.068  2.383  1.678  3.046  3.018  2.987  2.274  2.970  3.456  3.442  3.452  2.349  3.424  3.397  2.674  1.742  2.233  0.688  0.481  2.902  3.581  3.584  3.579  3.562  2.855  3.585  3.580  3.586  3.580  3.561  2.858  3.551  3.862  3.868  3.863  3.161  3.176  2.767  3.174  2.293  2.295  2.292  2.274  2.307  2.306  2.288  2.312  2.285  2.300  2.324  2.295  2.316  2.306  3.204  3.207  3.205  3.198  3.214  3.205  3.196  3.199  3.177  3.181  3.174  1.353 
  0-27  1.498  1.935  4.011  4.009  2.902  4.011  0.700  2.311  2.306  2.301  2.329  2.340  2.152  2.825  2.843  2.432  2.100  2.071  0.809  1.356  1.667  2.495  2.915  2.214  2.867  2.827  3.488  1.869  1.858  0.848  3.339  3.328  2.627  3.351  3.359  3.359  3.361  3.358  3.363  2.666  0.341  2.501  3.205  1.948  0.758  2.698  2.008  1.598  2.684  2.659 -0.060  1.950  1.237 -0.467  1.869  3.666  2.970  2.044  3.678  3.677  2.578  2.570  1.128  3.590  3.601  2.206  2.865  2.410  1.856  0.943 -1.409  1.587  4.081  4.071  2.675  3.394  4.092  2.997  3.395  1.290  2.679  2.672  1.971  2.691  2.684  2.688  1.988  0.805  2.583  2.592  1.891  2.150  2.531  0.505 -0.087  2.255  3.346  3.349  1.958  2.231  1.937  2.645  0.513  3.059  2.370  1.958  3.036  2.312  2.974  1.352  0.254  1.142  3.433  2.749  2.337  2.719  2.288  1.162 -0.935  0.928 -1.286 -1.591  0.586  3.571  2.880  2.871  2.449 -0.524  0.398  2.877  3.574  1.490  2.168 -0.555  1.932  1.654  3.859  3.853  3.154  2.762  2.468  2.472  1.581  2.286  2.279  2.266  2.299  2.292  1.581  2.303 -0.435  2.291  2.310  2.287  2.309  2.295  2.094  3.198  3.193  2.089  3.202  3.195  3.186  3.185  3.167  2.476  3.157 -1.196 
  0-28  1.381  1.518  4.000  4.000  2.379  2.208  1.200  2.309  2.296  2.286  2.320  2.328  1.735  3.511  2.830  2.422  2.096  2.347  0.731  0.430  2.218  3.587  3.599  1.794  3.555  3.514  2.786  1.858  0.515  1.929  2.628  3.312  2.206  3.339  3.348  3.349  2.654  3.348  2.655  2.654  0.361  2.270  2.502  2.495  0.499  2.684  2.690  1.073  2.671  2.646 -0.663  1.251  1.000 -1.002  1.705  3.656  3.652  2.949  3.664  2.562  2.563  2.961  0.833  3.583  2.900  1.792  2.856  2.114  1.670  0.716 -1.578  1.291  4.069  3.366  2.952  4.078  3.386  2.290  2.976  1.061  2.669  2.666  2.666  2.679  2.679  2.684  2.684  0.645  3.268  3.280  2.575  3.242  3.218  0.905 -0.057  2.653  2.647  3.340  1.730  2.623  2.615  2.229  0.865  2.352  2.367  1.660  1.642  2.298  1.864  0.748 -0.043  0.874  2.732  3.434  2.733  2.713  2.281  1.269 -1.148  0.479 -1.345 -1.522  0.802  3.559  2.874  1.950  2.444 -0.597  0.619  3.560  3.564  2.866  2.848 -0.323  1.453  1.756  3.844  3.838  2.731  2.460  2.050  2.745  0.881  2.273  2.264  2.253  1.589  2.281  2.261  2.289 -0.382  2.275  2.303  1.579  2.304  2.282  0.883  3.191  3.181  2.482  2.096  3.187  3.179  3.181  2.467  1.774  2.457 -1.360 
  0-29 -0.845 -1.477 -1.339 -1.363 -1.686  1.213 -1.138 -1.260 -1.266 -1.792  1.588  2.283 -1.460 -1.581 -1.578 -1.839  0.814  2.730  0.327  0.507 -1.721 -1.534 -1.541 -1.752  1.103  2.270  3.336  0.848  1.929 -1.131 -1.146 -1.192 -1.806  1.749  3.371  3.371  3.376  3.379  3.381  3.378 -1.486 -1.467 -1.470 -1.737 -1.281 -1.303 -1.321 -1.541  2.004  2.682  2.663  2.669  2.649  1.962 -1.050 -1.142 -1.158 -1.656  1.822  2.924  3.615  3.618 -1.596 -1.518 -1.513 -1.743  0.906  2.651  3.298  3.250  3.216 -1.362 -1.068 -1.111 -1.618  1.701  4.012  4.018  4.009 -1.163 -1.039 -1.073 -1.565  1.026  2.648  2.656  2.649 -1.496 -1.511 -1.494 -1.738  1.454  2.530  0.267  1.128 -0.910 -1.504 -1.522 -1.672  1.087  3.281  0.902 -1.605 -1.527 -1.540 -1.801  0.785  2.254  2.920  0.608  1.798 -1.563 -1.631 -1.639 -1.848  1.201  2.563  3.226  3.207  3.180  3.170  3.157 -1.352 -1.446 -1.465 -1.739  0.928  0.615 -1.159 -1.465 -1.457 -1.717  1.150  1.231  2.154 -0.902 -1.296 -1.299 -1.785  1.395  3.098  3.101 -1.381 -1.121 -1.166 -1.782  0.728  2.334  2.318  2.337  2.323  2.331  2.349  2.332  2.347  2.335 -1.412 -1.405 -1.409 -1.715  0.762  3.152  2.451  3.147  3.130  3.132  3.122  1.715 
  0-30 -0.438 -1.229  3.951 -1.335 -1.350  3.932 -1.095  2.288 -1.261 -1.233  2.284  2.293 -1.499  3.507 -1.552 -1.555  2.772  3.430  3.426  3.403 -1.603  3.456 -1.506 -1.521  3.416  3.375  3.347  3.339  2.628 -1.146  3.364 -1.150 -1.174  3.368  3.382  3.380  3.387  3.384  3.391  3.390 -1.370  3.878 -1.449 -1.462 -1.407  2.730 -1.289 -1.319  2.712  2.697  2.682  2.689  2.665  2.669 -1.096  3.623 -1.141 -1.154  3.624  3.626  3.624  3.627 -1.528  3.447 -1.498 -1.520  2.709  3.352  3.306  3.264  3.224 -1.245  4.003 -1.071 -1.088  4.010  4.022  4.028  4.017 -1.252  2.652 -1.030 -1.046  2.654  2.664  2.667  2.663 -1.417  3.293 -1.483 -1.520  3.257  3.231  2.527  3.211 -1.406  1.546 -1.494 -1.504  3.295  3.292 -1.144 -1.527  3.024 -1.516 -1.543  2.991  2.959  2.934  2.230  2.911 -1.411  3.324 -1.613 -1.626  3.298  3.268  3.233  3.213  2.497  2.081  3.166 -1.607  3.606 -1.430 -1.430  3.574  2.873 -1.483  3.590 -1.446 -1.450  3.558  2.851  3.547 -1.173  3.816 -1.290 -1.307  3.802  3.801  3.805 -1.293  2.336 -1.123 -1.131  2.338  2.340  1.634  2.352  2.331  2.342  2.360  2.342  2.358  2.345 -1.314  3.177 -1.402 -1.417  3.168  3.163  3.153  3.160  3.140  3.145  3.137  2.424 
  0-31 -0.298 -1.274 -1.246 -0.395 -0.110  3.226 -1.142 -1.099  0.312  0.302  1.174  1.574 -1.540 -1.530 -0.319 -0.474  2.351  3.421  3.413  3.392 -1.629 -1.634 -0.394 -0.315  2.717  3.368  3.335  3.328  3.312 -1.192 -1.150  0.107  0.138  2.662  3.368  3.371  3.370  3.372  3.375  3.375 -1.397 -1.393  0.033 -0.078 -1.427 -1.419 -0.133  0.296  2.689  2.679  1.970  2.663  2.645  2.644 -1.109 -1.100 -0.015  0.367  3.614  3.616  3.613  2.517 -1.565 -1.555 -0.622 -0.175  2.295  2.652  3.298  3.257  3.216 -1.278 -1.245 -0.038  0.349  3.997  4.009  4.017  4.007 -1.267 -1.261 -0.092  0.121  2.642  2.648  2.654  2.648 -1.434 -1.439 -0.359 -0.228  1.639  2.526  2.519  3.204 -1.419 -1.432 -0.540  0.051  3.280  3.276 -1.428 -1.553 -1.548 -0.654 -0.089  2.982  2.954  2.925  2.914  2.903 -1.438 -1.433 -0.219 -0.035  1.899  3.260  3.229  3.205  3.184  2.479  2.465 -1.637 -1.637 -0.262  0.180  2.467  2.456 -1.506 -1.508 -0.323 -0.156  2.444  2.838  3.531 -1.187 -1.176  0.345  0.551  3.792  3.788  3.098 -1.310 -1.297  0.001 -0.013  2.318  2.323  2.315  2.334  2.315  2.327  2.348  2.324  2.347  2.339 -1.357 -1.317  0.150  0.251  3.160  3.157  3.149  3.153  3.131  3.138  3.128  2.408 
  0-32 -0.391 -1.667 -1.261 -0.243  2.114  1.833 -1.662 -1.113  0.866  1.550  0.873  1.566 -1.731 -1.543 -0.111  1.703  1.833  2.026  2.021  2.287 -1.802 -1.635 -0.468  2.342  2.015  2.666  2.638  2.627  2.206 -1.806 -1.174  0.138  1.357  1.554  3.360  3.362  2.666  3.366  3.363  3.366 -1.668 -1.423  0.355  1.359 -1.829 -1.426  0.125  1.302  2.676  2.667  0.015  1.557  1.536  1.533 -1.625 -1.098  0.254  1.971  3.605  2.510  3.604  3.608 -1.869 -1.553 -0.457  1.027  1.601  2.647  1.685  1.638  0.320 -1.710 -1.257  0.030  1.873  3.992  3.310  2.910  4.001 -1.741 -1.271 -0.031  1.500  1.245  2.636  1.956  2.642 -1.683 -1.445  0.016  1.653  2.546  2.523  1.816 -0.300 -1.456 -1.353 -0.505  0.903  2.581  3.265  0.455 -1.738 -1.546 -0.585  1.048  2.284  2.255  2.917  2.212  0.252 -1.731 -1.432 -0.341  1.498  2.178  2.152  2.524  0.890  3.167 -0.061  0.014 -1.827 -1.659 -0.030  1.270  1.761 -0.145 -1.696 -1.523  0.124  1.941  1.924 -0.141  1.732 -1.754 -1.187  0.514  1.818  2.394  2.680  2.684 -1.661 -1.389 -0.011  1.177  2.312  2.316  1.614  2.327 -0.178  1.624  1.241  2.315  1.642  2.323 -1.744 -1.328  0.248  1.746  2.051  2.453  3.138  2.448  3.121  2.027  2.423  0.527 
